4.571	
6.857	
9.143	
9.571	
11.429	
13.714	
14.143	
14.286	
14.857	
16	
17.143	
18.286	
18.714	
20.571	
22.857	
23.286	
23.429	
23.429	
23.714	
24	
24.571	
25.143	
25.714	
26.286	
26.857	
27.429	
28	
28.286	
28.571	
29.143	
29.714	
30.143	
30.286	
30.571	
30.857
32	
32.429	
32.571	
32.857	
33.143	
33.714	
34.286	
34.857	
35.429	
36	
36.571	
37	
37.143	
37.429	
37.714	
38.286	
38.857	
39.286	
39.429	
39.714	
40	
40.571	
41.143	
41.571	
41.714	
42
42.286	
42.857	
43.429	
44
44.286	
44.571	
45.143	
45.714	
46.143	
46.286	
46.571	
46.857	
47.429	
48	
48.429	
48.571	
48.857	
49.143	
49.714	
50.286	
50.714	
50.857	
51.143	
51.429	
52	
52.571	
53.143	
53.429	
53.714	
54.286	
54.857	
55.429	
55.714	
56	
56.571	
57.143	
57.571	
57.714	
58	
58.286	
59.429	
64	
70	